0,91 81
0,35 38
0,43 0
0,-34 -36
1,87 -75
1,44 -84
0,-69 -20
1,6 -79
0,-38 -98
0,-67 -38
1,35 -85
1,14 -55
1,72 -30
1,-34 82
1,-4 36
0,85 11
0,-32 -97
0,-78 -46
0,34 30
1,-13 9
1,-22 22
0,79 95
1,18 -53
1,-77 89
1,-14 17
1,-59 78
0,93 46
1,-56 32
1,60 -36
1,52 -67
0,37 13
0,-47 -19
1,8 -65
1,88 -41
0,77 95
1,54 -84
0,37 57
0,14 5
1,83 -99
0,-62 -97
1,-73 46
0,-58 -36
1,-33 85
0,-63 6
1,18 90
1,-48 85
0,-45 2
1,9 80
0,-90 -28
0,-95 -64
1,-70 13
0,82 71
0,51 51
1,-83 40
0,-62 -1
0,96 0
1,-84 19
1,36 -55
0,12 43
0,-51 -8
1,-74 25
0,-81 4
0,41 88
1,-39 63
0,87 10
1,-39 98
1,60 -51
0,84 88
0,65 -8
1,8 -76
0,60 83
1,-88 47
1,70 -92
0,74 97
0,-56 -10
1,-87 41
1,75 -36
1,35 -16
1,91 -20
0,-66 7
1,54 -58
1,43 -39
0,-73 -21
0,-33 -46
0,-22 -13
0,-78 -41
0,3 7
1,-74 24
0,-64 -91
1,54 -40
0,-49 -63
1,24 -51
1,13 -24
1,89 -29
1,5 -96
1,3 -77
1,-79 76
0,61 88
1,7 52
1,15 -94
0,11 0
1,73 -93
1,-11 -43
0,15 23
1,-89 80
0,-45 -87
0,22 16
0,-73 -71
0,42 56
1,-11 41
0,99 58
0,-99 -49
0,18 55
1,98 -36
0,-87 -14
1,-55 67
1,64 -99
1,55 -59
0,45 66
0,-90 1
0,23 68
1,-60 42
1,71 -73
1,1 88
1,-4 81
1,98 -88
1,73 -92
1,-9 63
1,-59 92
0,77 58
1,95 -22
0,48 17
1,92 -85
1,-55 41
0,-97 -13
0,24 25
0,-45 -93
0,55 29
0,16 18
1,-38 22
0,-32 -17
1,30 -70
0,36 60
0,-27 -73
1,88 -26
1,-69 43
1,-57 57
1,1 72
0,-68 -24
1,4 83
1,-73 91
0,-48 -21
1,-31 25
0,-34 -66
1,-36 76
1,-9 15
1,-71 53
0,76 20
1,95 -68
0,-92 4
1,-67 65
0,97 54
1,-84 73
0,-81 -100
0,84 8
1,50 -65
0,41 29
1,59 -68
1,-6 -53
1,-82 51
1,-9 75
1,67 -96
1,4 -25
1,-73 42
0,94 82
1,-41 81
1,-80 27
1,-87 38
1,18 96
0,-74 2
0,-49 -50
0,-40 -48
1,-30 79
0,-52 -66
1,69 -43
1,-21 46
1,29 -38
0,-77 -12
0,-91 -46
0,77 16
1,-75 96
1,19 -93
0,54 45
0,32 94
1,-75 72
1,59 -99
0,-22 -9
0,-62 -77
0,45 -5
1,-17 95
0,-76 -70
1,97 -19
1,-94 53
0,74 23
0,63 98
0,-72 9
1,88 -60
0,91 61
0,11 30
1,-38 75
0,74 47
1,-94 42
0,57 14
1,99 -84
1,37 -57
0,-79 -53
0,-29 -42
0,-60 -39
1,-61 40
1,44 -58
1,-17 98
1,86 -69
1,-93 57
1,19 -93
1,-5 -88
1,43 -87
0,19 7
0,61 59
1,-73 24
1,73 -82
0,16 46
1,-51 68
1,32 -26
1,8 -79
0,26 23
0,86 76
1,9 38
1,25 -56
1,-29 82
0,-88 -39
0,1 7
0,71 43
0,70 78
1,-78 22
1,-7 -23
1,-65 87
0,-79 3
1,-9 56
0,85 22
1,33 -8
1,-59 31
1,-60 93
1,-56 28
1,86 -59
1,59 -75
0,-35 -37
1,10 88
1,-55 39
1,14 -50
0,-91 -89
0,83 36
0,96 89
1,-43 84
1,20 -37
1,31 -71
1,34 -7
1,-9 2
0,-72 -75
1,73 -91
1,65 -19
1,94 -27
1,39 -66
1,-87 30
0,-25 -41
0,23 53
1,65 -16
1,-24 93
0,74 57
0,62 84
0,88 63
1,9 76
0,25 17
0,-44 -43
0,-40 -7
0,24 71
1,78 -19
1,10 54
1,65 -27
0,-52 -2
0,59 72
1,-19 54
0,-70 -41
0,-75 -47
0,23 27
1,98 -89
1,-59 10
1,-24 66
1,-88 28
1,-48 44
1,0 -4
0,80 6
0,-96 -6
1,43 -85
1,-73 53
1,12 -84
1,3 -51
0,12 12
1,-91 31
0,46 51
1,44 -70
0,59 33
1,89 -97
0,64 88
1,61 -83
0,40 99
1,11 -94
1,38 -27
1,-27 -90
1,-21 -70
0,-82 -56
1,-32 67
1,41 -76
1,-79 13
1,45 -59
0,54 56
1,54 -92
0,55 5
0,88 -6
1,-28 41
1,-94 58
0,-26 -41
0,53 23
1,-10 33
0,24 13
0,-81 -90
1,1 -60
0,-54 -1
1,-30 15
0,-74 -100
0,-50 -21
1,58 -68
1,79 -13
0,-39 -47
0,-83 -24
1,49 -14
0,44 77
0,24 18
0,59 -8
1,19 -91
1,-4 77
0,36 75
1,29 -75
0,39 -3
1,10 -21
1,17 77
1,-11 -33
1,14 -22
1,76 -12
0,94 0
1,-52 36
0,10 22
1,-33 27
1,33 -63
0,24 80
1,-62 38
1,15 -32
0,-43 -27
1,-3 13
1,74 -55
1,53 -20
0,13 28
0,-91 -60
0,-27 -81
0,-40 -30
0,56 38
0,42 50
1,-3 34
1,-97 56
1,-59 73
0,-48 -44
1,-2 88
0,43 83
1,-58 72
1,94 -86
0,88 86
0,-49 -34
1,-82 44
1,-5 -73
1,52 -66
1,-39 35
1,4 39
1,-78 94
1,12 66
0,-56 -41
1,0 -76
0,-16 -10
0,-83 -34
1,77 -22
0,83 48
0,67 -9
1,5 -47
1,-44 76
0,-55 -21
1,-6 83
1,-2 76
1,42 -47
0,-17 -25
1,57 -43
1,3 72
1,46 -43
1,-58 23
1,-13 52
0,-64 4
1,18 73
0,48 89
1,16 64
0,-35 -3
0,-32 -77
1,96 -52
1,87 -52
0,-87 -4
0,47 41
1,92 -78
0,58 90
0,80 75
1,5 -50
0,68 31
1,-2 33
0,-66 -33
0,-76 -37
1,1 -97
1,98 -94
1,-61 39
0,63 71
1,-15 99
0,21 46
0,-73 -14
1,59 -65
1,55 -84
0,-87 -23
1,12 -27
0,-88 -74
0,-43 -18
1,60 -38
0,-47 -93
1,56 -99
1,59 -18
0,-28 -40
1,19 82
0,60 60
0,86 20
1,-64 70
0,36 -4
1,92 -50
0,-20 -6
0,75 15
0,70 98
1,29 -39
1,-44 90
0,-54 -14
0,-90 -77
0,-55 -21
0,-15 -22
1,-6 86
1,27 -29
0,-67 -74
1,-67 67
1,-91 79
1,45 -92
1,-76 76
1,79 -50
0,59 15
0,-40 -88
0,94 98
1,63 -67
0,-29 -27
1,73 -69
0,93 25
1,-97 40
1,65 -47
1,-3 -67
1,52 -96
0,-39 -100
1,-17 85
0,-90 -66
1,-8 75
0,69 13
0,46 45
1,23 -88
0,-47 -81
0,9 29
0,59 55
1,-67 32
1,7 82
1,-79 98
1,69 -45
1,-58 69
0,70 -1
0,-74 -93
1,26 -68
